name: 17s-cran-beetle
channels:
  - auto
  - defaults
dependencies:
  - pypng=0.0.16=py27_0
  - _tflow_180_select=3.0=eigen
  - absl-py=0.2.2=py27_0
  - astor=0.6.2=py27_0
  - backports=1.0=py27h63c9359_1
  - backports.weakref=1.0.post1=py27h0df1112_0
  - blas=1.0=mkl
  - bleach=1.5.0=py27_0
  - ca-certificates=2018.03.07=0
  - certifi=2018.4.16=py27_0
  - enum34=1.1.6=py27h99a27e9_1
  - funcsigs=1.0.2=py27h83f16ab_0
  - futures=3.2.0=py27h7b459c0_0
  - gast=0.2.0=py27_0
  - grpcio=1.12.1=py27hdbcaa40_0
  - h5py=2.8.0=py27ha1f6525_0
  - hdf5=1.10.2=hba1933b_1
  - html5lib=0.9999999=py27_0
  - intel-openmp=2018.0.3=0
  - keras=2.2.0=0
  - keras-applications=1.0.2=py27_0
  - keras-base=2.2.0=py27_0
  - keras-preprocessing=1.0.1=py27_0
  - libedit=3.1.20170329=h6b74fdf_2
  - libffi=3.2.1=hd88cf55_4
  - libgcc-ng=7.2.0=hdf63c60_3
  - libgfortran-ng=7.2.0=hdf63c60_3
  - libprotobuf=3.5.2=h6f1eeef_0
  - libstdcxx-ng=7.2.0=hdf63c60_3
  - linecache2=1.0.0=py27hc477507_0
  - markdown=2.6.11=py27_0
  - mkl=2018.0.3=1
  - mkl_fft=1.0.1=py27h3010b51_0
  - mkl_random=1.0.1=py27h629b387_0
  - mock=2.0.0=py27h0c0c831_0
  - ncurses=6.1=hf484d3e_0
  - numpy=1.14.5=py27hcd700cb_3
  - numpy-base=1.14.5=py27hdbf6ddf_3
  - openssl=1.0.2o=h20670df_0
  - pbr=4.0.4=py27_0
  - pip=10.0.1=py27_0
  - protobuf=3.5.2=py27hf484d3e_0
  - pydot=1.2.4=py27_0
  - pyparsing=2.2.0=py27hf1513f8_1
  - python=2.7.15=h1571d57_0
  - pyyaml=3.12=py27h2d70dd7_1
  - readline=7.0=ha6073c6_4
  - scipy=1.1.0=py27hfc37229_0
  - setuptools=39.2.0=py27_0
  - six=1.11.0=py27h5f960f1_1
  - sqlite=3.24.0=h84994c4_0
  - tensorboard=1.8.0=py27hf484d3e_0
  - tensorflow=1.8.0=h7b2774c_0
  - tensorflow-base=1.8.0=py27h5f64886_0
  - termcolor=1.1.0=py27_1
  - tk=8.6.7=hc745277_3
  - traceback2=1.4.0=py27h153c7c5_0
  - unittest2=1.1.0=py27h1e968a4_0
  - werkzeug=0.14.1=py27_0
  - wheel=0.31.1=py27_0
  - yaml=0.1.7=had09818_2
  - zlib=1.2.11=ha838bed_2
prefix: /u/jodstein/miniconda2/envs/17s-cran-beetle

